0 0.409017 0.787785 1.10902 1.35106 1.5 1.55106 1.50902 1.38779 1.20902 1 
-3.10504e+232 -1.18602e+232 -4.53019e+231 -1.73037e+231 -6.60939e+230 -2.52442e+230 -9.63869e+229 -3.67188e+229 -1.37696e+229 -4.58985e+228 1 
-3.10504e+232 -1.71642e+232 -8.5821e+231 -4.0519e+231 -1.84323e+231 -8.16845e+230 -3.54864e+230 -1.5136e+230 -6.24973e+229 -2.23624e+229 1 
-3.10504e+232 -1.99414e+232 -1.16097e+232 -6.30563e+231 -3.25526e+231 -1.61694e+231 -7.78701e+230 -3.64302e+230 -1.62845e+230 -6.17358e+229 1 
-3.10504e+232 -2.16077e+232 -1.38314e+232 -8.27677e+231 -4.69327e+231 -2.54777e+231 -1.3331e+231 -6.72833e+230 -3.21096e+230 -1.27611e+230 1 
-3.10504e+232 -2.27185e+232 -1.54975e+232 -9.94258e+231 -6.05347e+231 -3.52456e+231 -1.97244e+231 -1.05967e+231 -5.3374e+230 -2.2045e+230 1 
-3.10504e+232 -2.35182e+232 -1.67856e+232 -1.13412e+232 -7.29552e+231 -4.49184e+231 -2.65544e+231 -1.50203e+231 -7.90968e+230 -3.37139e+230 1 
-3.10504e+232 -2.41266e+232 -1.78112e+232 -1.25213e+232 -8.41159e+231 -5.41791e+231 -3.3503e+231 -1.97755e+231 -1.08034e+231 -4.72493e+230 1 
-3.10504e+232 -2.46085e+232 -1.86486e+232 -1.3526e+232 -9.40821e+231 -6.28699e+231 -4.03486e+231 -2.46728e+231 -1.38942e+231 -6.20637e+230 1 
-3.10504e+232 -2.50019e+232 -1.93468e+232 -1.439e+232 -1.0297e+232 -7.09292e+231 -4.69473e+231 -2.95643e+231 -1.70727e+231 -7.75969e+230 1 
-3.10504e+232 -2.53304e+232 -1.9939e+232 -1.51399e+232 -1.10906e+232 -7.83495e+231 -5.32132e+231 -3.43427e+231 -2.02508e+231 -9.33682e+230 1 
-3.10504e+232 -2.56097e+232 -2.04484e+232 -1.57963e+232 -1.18007e+232 -8.51523e+231 -5.91001e+231 -3.89349e+231 -2.33617e+231 -1.08995e+231 1 
-3.10504e+232 -2.58505e+232 -2.08913e+232 -1.63751e+232 -1.24377e+232 -9.13728e+231 -6.4589e+231 -4.32941e+231 -2.63584e+231 -1.24193e+231 1 
-3.10504e+232 -2.60603e+232 -2.128e+232 -1.68885e+232 -1.30105e+232 -9.7052e+231 -6.96783e+231 -4.7394e+231 -2.92095e+231 -1.38763e+231 1 
-3.10504e+232 -2.62448e+232 -2.16237e+232 -1.73463e+232 -1.35267e+232 -1.02232e+232 -7.43777e+231 -5.12228e+231 -3.18967e+231 -1.52576e+231 1 
-3.10504e+232 -2.64082e+232 -2.19293e+232 -1.77561e+232 -1.39927e+232 -1.06954e+232 -7.87037e+231 -5.4779e+231 -3.44106e+231 -1.65561e+231 1 
-3.10504e+232 -2.65536e+232 -2.22024e+232 -1.81243e+232 -1.44143e+232 -1.11258e+232 -8.26766e+231 -5.80683e+231 -3.67491e+231 -1.77684e+231 1 
-3.10504e+232 -2.66838e+232 -2.24474e+232 -1.84559e+232 -1.4796e+232 -1.15179e+232 -8.63187e+231 -6.11005e+231 -3.89147e+231 -1.88943e+231 1 
-3.10504e+232 -2.68006e+232 -2.26678e+232 -1.87553e+232 -1.51421e+232 -1.18751e+232 -8.96528e+231 -6.38888e+231 -4.09131e+231 -1.99358e+231 1 
-3.10504e+232 -2.69058e+232 -2.28665e+232 -1.9026e+232 -1.54562e+232 -1.22005e+232 -9.27018e+231 -6.64476e+231 -4.27523e+231 -2.0896e+231 1 
-3.10504e+232 -2.70008e+232 -2.30462e+232 -1.92712e+232 -1.57414e+232 -1.24969e+232 -9.54876e+231 -6.87921e+231 -4.44412e+231 -2.17791e+231 1 
-3.10504e+232 -2.70866e+232 -2.32088e+232 -1.94935e+232 -1.60006e+232 -1.27669e+232 -9.80314e+231 -7.09377e+231 -4.59894e+231 -2.25895e+231 1 
-3.10504e+232 -2.71644e+232 -2.33562e+232 -1.96953e+232 -1.62362e+232 -1.30128e+232 -1.00353e+232 -7.28991e+231 -4.74069e+231 -2.33321e+231 1 
-3.10504e+232 -2.72349e+232 -2.34899e+232 -1.98786e+232 -1.64505e+232 -1.32368e+232 -1.02471e+232 -7.4691e+231 -4.87032e+231 -2.40118e+231 1 
-3.10504e+232 -2.72988e+232 -2.36113e+232 -2.00451e+232 -1.66455e+232 -1.34408e+232 -1.04402e+232 -7.63269e+231 -4.98878e+231 -2.46332e+231 1 
-3.10504e+232 -2.73569e+232 -2.37216e+232 -2.01965e+232 -1.68229e+232 -1.36267e+232 -1.06163e+232 -7.78197e+231 -5.09695e+231 -2.52009e+231 1 
-3.10504e+232 -2.74097e+232 -2.38218e+232 -2.03342e+232 -1.69844e+232 -1.37959e+232 -1.07768e+232 -7.91814e+231 -5.19567e+231 -2.57192e+231 1 
-3.10504e+232 -2.74577e+232 -2.3913e+232 -2.04595e+232 -1.71313e+232 -1.39501e+232 -1.09231e+232 -8.04232e+231 -5.28573e+231 -2.61922e+231 1 
-3.10504e+232 -2.75013e+232 -2.3996e+232 -2.05736e+232 -1.72651e+232 -1.40905e+232 -1.10564e+232 -8.15552e+231 -5.36787e+231 -2.66236e+231 1 
-3.10504e+232 -2.75411e+232 -2.40715e+232 -2.06773e+232 -1.7387e+232 -1.42185e+232 -1.11779e+232 -8.25871e+231 -5.44277e+231 -2.70171e+231 1 
-3.10504e+232 -2.75772e+232 -2.41401e+232 -2.07718e+232 -1.74979e+232 -1.4335e+232 -1.12885e+232 -8.35276e+231 -5.51104e+231 -2.73758e+231 1 
-3.10504e+232 -2.76101e+232 -2.42027e+232 -2.08578e+232 -1.75989e+232 -1.44411e+232 -1.13894e+232 -8.43846e+231 -5.57326e+231 -2.77028e+231 1 
-3.10504e+232 -2.764e+232 -2.42596e+232 -2.09361e+232 -1.76909e+232 -1.45377e+232 -1.14812e+232 -8.51654e+231 -5.62996e+231 -2.80008e+231 1 
-3.10504e+232 -2.76673e+232 -2.43114e+232 -2.10074e+232 -1.77747e+232 -1.46258e+232 -1.15649e+232 -8.58769e+231 -5.68163e+231 -2.82724e+231 1 
-3.10504e+232 -2.76921e+232 -2.43586e+232 -2.10723e+232 -1.7851e+232 -1.4706e+232 -1.16411e+232 -8.65251e+231 -5.72871e+231 -2.85198e+231 1 
-3.10504e+232 -2.77147e+232 -2.44016e+232 -2.11315e+232 -1.79205e+232 -1.4779e+232 -1.17106e+232 -8.71156e+231 -5.7716e+231 -2.87453e+231 1 
-3.10504e+232 -2.77353e+232 -2.44407e+232 -2.11853e+232 -1.79838e+232 -1.48455e+232 -1.17738e+232 -8.76535e+231 -5.81067e+231 -2.89506e+231 1 
-3.10504e+232 -2.7754e+232 -2.44764e+232 -2.12344e+232 -1.80414e+232 -1.49061e+232 -1.18314e+232 -8.81435e+231 -5.84626e+231 -2.91378e+231 1 
-3.10504e+232 -2.77711e+232 -2.45088e+232 -2.1279e+232 -1.80939e+232 -1.49613e+232 -1.18839e+232 -8.85899e+231 -5.87869e+231 -2.93082e+231 1 
-3.10504e+232 -2.77866e+232 -2.45384e+232 -2.13197e+232 -1.81418e+232 -1.50116e+232 -1.19317e+232 -8.89965e+231 -5.90823e+231 -2.94635e+231 1 
-3.10504e+232 -2.78008e+232 -2.45653e+232 -2.13568e+232 -1.81853e+232 -1.50574e+232 -1.19753e+232 -8.93668e+231 -5.93514e+231 -2.9605e+231 1 
-3.10504e+232 -2.78136e+232 -2.45898e+232 -2.13905e+232 -1.8225e+232 -1.50991e+232 -1.20149e+232 -8.97042e+231 -5.95964e+231 -2.97338e+231 1 
-3.10504e+232 -2.78254e+232 -2.46122e+232 -2.14213e+232 -1.82611e+232 -1.51371e+232 -1.20511e+232 -9.00115e+231 -5.98197e+231 -2.98512e+231 1 
-3.10504e+232 -2.78361e+232 -2.46325e+232 -2.14493e+232 -1.8294e+232 -1.51717e+232 -1.2084e+232 -9.02914e+231 -6.0023e+231 -2.99581e+231 1 
-3.10504e+232 -2.78458e+232 -2.4651e+232 -2.14748e+232 -1.8324e+232 -1.52032e+232 -1.21139e+232 -9.05463e+231 -6.02083e+231 -3.00554e+231 1 
-3.10504e+232 -2.78547e+232 -2.46679e+232 -2.1498e+232 -1.83513e+232 -1.52319e+232 -1.21412e+232 -9.07786e+231 -6.0377e+231 -3.01441e+231 1 
-3.10504e+232 -2.78628e+232 -2.46833e+232 -2.15191e+232 -1.83762e+232 -1.52581e+232 -1.21661e+232 -9.09901e+231 -6.05307e+231 -3.02249e+231 1 
-3.10504e+232 -2.78701e+232 -2.46973e+232 -2.15384e+232 -1.83988e+232 -1.52819e+232 -1.21888e+232 -9.11828e+231 -6.06707e+231 -3.02985e+231 1 
-3.10504e+232 -2.78768e+232 -2.471e+232 -2.1556e+232 -1.84195e+232 -1.53036e+232 -1.22094e+232 -9.13582e+231 -6.07982e+231 -3.03656e+231 1 
-3.10504e+232 -2.78829e+232 -2.47216e+232 -2.1572e+232 -1.84382e+232 -1.53233e+232 -1.22282e+232 -9.15181e+231 -6.09143e+231 -3.04266e+231 1 
-3.10504e+232 -2.78885e+232 -2.47322e+232 -2.15865e+232 -1.84554e+232 -1.53413e+232 -1.22453e+232 -9.16637e+231 -6.10201e+231 -3.04822e+231 1 
-3.10504e+232 -2.78936e+232 -2.47419e+232 -2.15998e+232 -1.8471e+232 -1.53577e+232 -1.22609e+232 -9.17963e+231 -6.11164e+231 -3.05329e+231 1 
-3.10504e+232 -2.78982e+232 -2.47506e+232 -2.16119e+232 -1.84852e+232 -1.53727e+232 -1.22751e+232 -9.19171e+231 -6.12042e+231 -3.0579e+231 1 
-3.10504e+232 -2.79024e+232 -2.47586e+232 -2.16229e+232 -1.84981e+232 -1.53862e+232 -1.2288e+232 -9.20271e+231 -6.12841e+231 -3.0621e+231 1 
-3.10504e+232 -2.79062e+232 -2.47659e+232 -2.16329e+232 -1.85099e+232 -1.53986e+232 -1.22998e+232 -9.21273e+231 -6.13569e+231 -3.06593e+231 1 
-3.10504e+232 -2.79097e+232 -2.47725e+232 -2.1642e+232 -1.85206e+232 -1.54099e+232 -1.23105e+232 -9.22186e+231 -6.14232e+231 -3.06942e+231 1 
-3.10504e+232 -2.79129e+232 -2.47786e+232 -2.16503e+232 -1.85304e+232 -1.54202e+232 -1.23203e+232 -9.23017e+231 -6.14836e+231 -3.07259e+231 1 
-3.10504e+232 -2.79158e+232 -2.47841e+232 -2.16579e+232 -1.85393e+232 -1.54296e+232 -1.23292e+232 -9.23775e+231 -6.15387e+231 -3.07549e+231 1 
-3.10504e+232 -2.79184e+232 -2.47891e+232 -2.16648e+232 -1.85474e+232 -1.54381e+232 -1.23373e+232 -9.24464e+231 -6.15888e+231 -3.07812e+231 1 
-3.10504e+232 -2.79208e+232 -2.47937e+232 -2.16711e+232 -1.85548e+232 -1.54458e+232 -1.23447e+232 -9.25093e+231 -6.16344e+231 -3.08052e+231 1 
-3.10504e+232 -2.7923e+232 -2.47978e+232 -2.16768e+232 -1.85615e+232 -1.54529e+232 -1.23514e+232 -9.25665e+231 -6.1676e+231 -3.08271e+231 1 
-3.10504e+232 -2.7925e+232 -2.48016e+232 -2.1682e+232 -1.85676e+232 -1.54594e+232 -1.23575e+232 -9.26186e+231 -6.17139e+231 -3.0847e+231 1 
-3.10504e+232 -2.79268e+232 -2.48051e+232 -2.16868e+232 -1.85732e+232 -1.54652e+232 -1.23631e+232 -9.26661e+231 -6.17484e+231 -3.08651e+231 1 
-3.10504e+232 -2.79285e+232 -2.48082e+232 -2.16911e+232 -1.85783e+232 -1.54706e+232 -1.23682e+232 -9.27093e+231 -6.17798e+231 -3.08816e+231 1 
-3.10504e+232 -2.793e+232 -2.48111e+232 -2.1695e+232 -1.85829e+232 -1.54754e+232 -1.23728e+232 -9.27487e+231 -6.18084e+231 -3.08967e+231 1 
-3.10504e+232 -2.79313e+232 -2.48137e+232 -2.16986e+232 -1.85871e+232 -1.54799e+232 -1.23771e+232 -9.27846e+231 -6.18345e+231 -3.09104e+231 1 
-3.10504e+232 -2.79326e+232 -2.4816e+232 -2.17019e+232 -1.8591e+232 -1.54839e+232 -1.23809e+232 -9.28173e+231 -6.18582e+231 -3.09229e+231 1 
-3.10504e+232 -2.79337e+232 -2.48182e+232 -2.17048e+232 -1.85945e+232 -1.54876e+232 -1.23844e+232 -9.2847e+231 -6.18798e+231 -3.09342e+231 1 
-3.10504e+232 -2.79347e+232 -2.48202e+232 -2.17076e+232 -1.85977e+232 -1.54909e+232 -1.23876e+232 -9.28741e+231 -6.18995e+231 -3.09446e+231 1 
-3.10504e+232 -2.79357e+232 -2.4822e+232 -2.171e+232 -1.86006e+232 -1.5494e+232 -1.23905e+232 -9.28988e+231 -6.19175e+231 -3.0954e+231 1 
-3.10504e+232 -2.79365e+232 -2.48236e+232 -2.17123e+232 -1.86032e+232 -1.54968e+232 -1.23931e+232 -9.29213e+231 -6.19338e+231 -3.09626e+231 1 
-3.10504e+232 -2.79373e+232 -2.48251e+232 -2.17143e+232 -1.86056e+232 -1.54993e+232 -1.23955e+232 -9.29418e+231 -6.19487e+231 -3.09704e+231 1 
-3.10504e+232 -2.7938e+232 -2.48264e+232 -2.17162e+232 -1.86078e+232 -1.55016e+232 -1.23977e+232 -9.29605e+231 -6.19622e+231 -3.09776e+231 1 
-3.10504e+232 -2.79387e+232 -2.48277e+232 -2.17179e+232 -1.86098e+232 -1.55037e+232 -1.23997e+232 -9.29775e+231 -6.19746e+231 -3.0984e+231 1 
-3.10504e+232 -2.79393e+232 -2.48288e+232 -2.17194e+232 -1.86116e+232 -1.55056e+232 -1.24016e+232 -9.29929e+231 -6.19858e+231 -3.099e+231 1 
-3.10504e+232 -2.79398e+232 -2.48298e+232 -2.17208e+232 -1.86133e+232 -1.55074e+232 -1.24032e+232 -9.3007e+231 -6.19961e+231 -3.09953e+231 1 
-3.10504e+232 -2.79403e+232 -2.48308e+232 -2.17221e+232 -1.86148e+232 -1.5509e+232 -1.24047e+232 -9.30199e+231 -6.20054e+231 -3.10002e+231 1 
-3.10504e+232 -2.79408e+232 -2.48316e+232 -2.17233e+232 -1.86162e+232 -1.55104e+232 -1.24061e+232 -9.30316e+231 -6.20139e+231 -3.10047e+231 1 
-3.10504e+232 -2.79412e+232 -2.48324e+232 -2.17244e+232 -1.86174e+232 -1.55117e+232 -1.24073e+232 -9.30422e+231 -6.20216e+231 -3.10088e+231 1 
-3.10504e+232 -2.79415e+232 -2.48331e+232 -2.17253e+232 -1.86186e+232 -1.55129e+232 -1.24085e+232 -9.30519e+231 -6.20287e+231 -3.10125e+231 1 
-3.10504e+232 -2.79419e+232 -2.48337e+232 -2.17262e+232 -1.86196e+232 -1.5514e+232 -1.24095e+232 -9.30608e+231 -6.20351e+231 -3.10159e+231 1 
-3.10504e+232 -2.79422e+232 -2.48343e+232 -2.1727e+232 -1.86205e+232 -1.5515e+232 -1.24105e+232 -9.30688e+231 -6.2041e+231 -3.10189e+231 1 
-3.10504e+232 -2.79425e+232 -2.48348e+232 -2.17278e+232 -1.86214e+232 -1.55159e+232 -1.24113e+232 -9.30762e+231 -6.20463e+231 -3.10217e+231 1 
-3.10504e+232 -2.79427e+232 -2.48353e+232 -2.17284e+232 -1.86222e+232 -1.55167e+232 -1.24121e+232 -9.30828e+231 -6.20511e+231 -3.10243e+231 1 
-3.10504e+232 -2.7943e+232 -2.48358e+232 -2.1729e+232 -1.86229e+232 -1.55175e+232 -1.24128e+232 -9.30889e+231 -6.20556e+231 -3.10266e+231 1 
-3.10504e+232 -2.79432e+232 -2.48362e+232 -2.17296e+232 -1.86236e+232 -1.55182e+232 -1.24135e+232 -9.30945e+231 -6.20596e+231 -3.10287e+231 1 
-3.10504e+232 -2.79434e+232 -2.48365e+232 -2.17301e+232 -1.86242e+232 -1.55188e+232 -1.24141e+232 -9.30995e+231 -6.20633e+231 -3.10307e+231 1 
-3.10504e+232 -2.79435e+232 -2.48369e+232 -2.17306e+232 -1.86247e+232 -1.55194e+232 -1.24146e+232 -9.31041e+231 -6.20666e+231 -3.10324e+231 1 
-3.10504e+232 -2.79437e+232 -2.48372e+232 -2.1731e+232 -1.86252e+232 -1.55199e+232 -1.24151e+232 -9.31083e+231 -6.20696e+231 -3.1034e+231 1 
-3.10504e+232 -2.79438e+232 -2.48375e+232 -2.17314e+232 -1.86256e+232 -1.55204e+232 -1.24156e+232 -9.31121e+231 -6.20724e+231 -3.10355e+231 1 
-3.10504e+232 -2.7944e+232 -2.48377e+232 -2.17317e+232 -1.8626e+232 -1.55208e+232 -1.2416e+232 -9.31156e+231 -6.20749e+231 -3.10368e+231 1 
-3.10504e+232 -2.79441e+232 -2.48379e+232 -2.1732e+232 -1.86264e+232 -1.55212e+232 -1.24163e+232 -9.31188e+231 -6.20772e+231 -3.1038e+231 1 
-3.10504e+232 -2.79442e+232 -2.48382e+232 -2.17323e+232 -1.86268e+232 -1.55215e+232 -1.24167e+232 -9.31216e+231 -6.20793e+231 -3.10391e+231 1 
-3.10504e+232 -2.79443e+232 -2.48383e+232 -2.17326e+232 -1.86271e+232 -1.55219e+232 -1.2417e+232 -9.31243e+231 -6.20812e+231 -3.10401e+231 1 
-3.10504e+232 -2.79444e+232 -2.48385e+232 -2.17328e+232 -1.86273e+232 -1.55222e+232 -1.24173e+232 -9.31267e+231 -6.2083e+231 -3.1041e+231 1 
-3.10504e+232 -2.79445e+232 -2.48387e+232 -2.1733e+232 -1.86276e+232 -1.55224e+232 -1.24175e+232 -9.31288e+231 -6.20846e+231 -3.10419e+231 1 
-3.10504e+232 -2.79446e+232 -2.48388e+232 -2.17332e+232 -1.86278e+232 -1.55227e+232 -1.24178e+232 -9.31308e+231 -6.2086e+231 -3.10426e+231 1 
-3.10504e+232 -2.79446e+232 -2.48389e+232 -2.17334e+232 -1.8628e+232 -1.55229e+232 -1.2418e+232 -9.31326e+231 -6.20873e+231 -3.10433e+231 1 
-3.10504e+232 -2.79447e+232 -2.48391e+232 -2.17336e+232 -1.86282e+232 -1.55231e+232 -1.24182e+232 -9.31343e+231 -6.20885e+231 -3.10439e+231 1 
-3.10504e+232 -2.79447e+232 -2.48392e+232 -2.17337e+232 -1.86284e+232 -1.55233e+232 -1.24183e+232 -9.31358e+231 -6.20896e+231 -3.10445e+231 1 
-3.10504e+232 -2.79448e+232 -2.48393e+232 -2.17339e+232 -1.86286e+232 -1.55235e+232 -1.24185e+232 -9.31371e+231 -6.20906e+231 -3.1045e+231 1 
